1
2
3
4
5
6
7
8
9
10
11
12
13
4
14
15
16
4
17
15
16
18
19
20
21
22
23
24
25
26
27
28
29
30
18
19
31
4
32
33
34
35
36
37
38
39
40
41
42
43
44
45
46
47
48
49
50
51
52
53
54
55
56
57
58
59
60
59
61
62
63
59
64
65
66
67
68
69
70
71
72
73
74
75
76
77
78
79
59
80
81
82
83
84
85
59
86
87
88
89
90
91
92
93
59
94
95
96
97
98
99
100
101
102
61
103
59
104
105
106
107
108
109
110
111
112
39
113
114
115
116
117
118
119
120
106
121
122
123
124
125
97
126
127
128
129
130
131
132
133
38
134
135
136
137
138
139
140
141
142
143
59
144
145
146
39
147
69
148
149
150
59
151
38
152
153
154
155
156
157
158
159
160
161
162
163
164
165
166
167
168
59
169
170
122
171
172
173
174
175
176
177
38
178
179
180
181
111
182
39
183
67
184
185
114
186
187
182
188
189
190
59
191
192
193
194
195
196
197
198
199
200
201
202
203
204
205
91
206
207
208
59
209
210
211
38
212
213
214
215
216
217
218
219
220
221
115
222
59
223
224
225
226
227
228
166
202
229
230
111
37
231
232
205
233
234
59
235
227
236
237
114
115
202
39
238
239
240
241
242
243
244
216
245
186
246
59
247
248
72
249
250
251
252
67
253
254
255
256
257
43
258
259
91
260
206
261
38
262
263
264
265
266
267
59
268
269
263
270
97
271
272
59
273
106
205
274
275
276
277
278
279
59
280
281
282
283
284
157
106
285
186
38
286
287
288
114
197
289
115
290
110
291
170
292
293
294
295
296
38
212
297
298
38
299
300
301
166
302
303
304
305
306
307
308
309
310
311
38
212
312
313
314
315
316
317
318
319
320
205
321
322
323
324
325
326
327
328
329
216
330
331
332
213
333
108
59
111
334
38
335
38
311
336
106
115
337
338
339
59
340
341
342
343
344
345
115
321
257
43
346
59
347
348
349
350
249
351
213
101
352
319
43
353
354
355
356
357
358
359
42
360
43
361
99
362
363
364
212
319
365
270
111
186
366
97
367
368
369
67
115
370
216
371
189
372
373
374
375
368
178
376
360
168
377
378
379
115
188
229
380
205
381
381
382
205
212
383
59
384
114
115
202
385
386
141
387
250
388
389
390
391
392
393
394
114
395
166
396
330
397
398
399
216
99
211
189
202
400
401
402
398
403
404
405
99
406
407
408
409
132
211
410
38
411
398
412
413
414
415
59
211
416
211
417
418
185
419
420
421
422
423
424
99
202
101
425
424
202
426
94
427
59
428
429
38
430
431
432
433
173
398
434
435
436
437
438
97
439
440
441
59
330
442
443
142
444
59
432
445
441
353
446
212
447
448
59
449
450
451
452
453
97
454
455
456
457
59
458
459
460
461
462
463
464
465
466
467
59
468
469
470
471
472
473
474
59
475
476
97
477
59
478
94
479
59
480
481
482
483
484
59
485
486
487
59
441
97
389
488
59
489
490
491
309
90
345
205
101
101
492
493
442
494
495
496
59
497
157
498
499
38
500
501
502
59
503
504
505
506
507
508
509
510
511
512
513
211
514
441
515
330
216
157
516
517
518
519
330
520
159
521
522
159
59
523
524
525
42
43
526
353
527
528
529
530
531
532
533
534
38
535
536
270
334
537
538
388
539
132
331
540
541
213
542
543
442
544
545
546
547
548
549
550
61
398
551
552
553
314
554
555
229
556
557
558
559
560
110
561
67
562
59
563
564
59
565
566
304
61
314
567
524
59
568
569
570
571
572
573
574
38
67
253
575
59
576
577
111
578
579
314
580
581
59
582
583
584
345
585
586
59
587
588
59
169
115
589
590
229
591
592
211
38
593
205
213
594
216
595
596
597
598
599
600
601
602
603
355
157
604
605
606
61
232
276
607
608
609
610
611
612
114
39
613
614
59
615
616
617
131
618
619
620
621
115
622
623
624
625
626
115
627
239
229
628
629
630
631
632
571
186
633
38
634
635
636
637
638
639
640
641
642
643
644
645
59
646
39
115
647
157
648
649
650
651
652
653
205
654
654
654
655
447
173
656
657
658
237
115
659
577
255
660
239
661
662
239
663
664
665
91
92
666
425
188
667
668
54
205
382
59
492
296
569
248
669
670
671
216
61
672
673
577
425
424
674
675
129
676
677
159
115
314
678
679
680
681
405
115
682
314
683
524
684
685
211
314
686
59
686
687
205
688
689
690
101
691
692
693
694
99
202
695
39
229
696
612
697
698
112
699
248
524
700
59
701
248
205
702
694
99
202
703
159
205
314
168
55
38
704
705
706
707
708
200
709
710
711
712
132
713
130
131
705
714
59
705
707
37
715
38
212
716
99
39
99
212
229
717
718
425
229
717
719
99
229
720
721
332
722
723
724
725
720
55
726
40
277
205
67
382
727
59
728
729
730
731
732
733
438
358
476
734
735
736
737
59
412
330
738
687
211
38
286
739
131
59
740
741
742
360
743
387
216
744
745
236
237
746
61
232
747
368
748
749
99
140
561
368
352
205
750
751
213
302
303
206
111
752
753
754
67
755
756
757
758
759
760
761
762
99
763
764
59
765
99
110
170
766
767
276
768
769
770
771
772
773
284
774
775
511
205
776
777
778
59
39
38
779
61
780
781
782
783
205
276
784
59
571
461
352
268
785
653
786
189
787
788
708
789
790
791
55
188
792
213
793
794
38
101
795
796
91
206
277
797
146
798
799
800
132
99
801
802
268
803
804
805
806
59
807
216
808
809
67
422
810
811
216
812
813
814
290
815
816
89
132
138
206
817
452
115
818
819
465
820
821
673
822
823
824
825
59
268
826
39
827
828
829
830
831
438
832
833
38
834
835
813
39
38
272
270
132
325
307
809
59
537
387
836
837
838
839
840
841
842
99
398
843
39
205
290
844
382
845
846
847
37
848
683
111
99
353
849
850
851
852
853
854
855
490
97
856
857
858
508
859
860
861
862
863
864
865
864
277
866
537
867
216
526
97
868
869
351
870
168
55
353
871
872
873
511
874
114
430
875
38
876
877
878
879
82
880
881
882
67
883
69
255
884
885
557
268
886
887
888
889
890
169
160
891
59
892
893
894
216
182
895
896
178
47
897
270
38
898
899
900
502
59
901
114
303
902
903
904
905
59
906
907
908
909
59
910
911
912
115
875
229
132
99
202
913
914
915
314
916
917
425
918
202
386
919
920
115
921
922
115
923
924
398
755
726
925
926
927
811
216
928
572
929
930
270
38
931
931
903
59
932
933
138
934
935
712
38
936
937
938
584
216
132
939
940
941
942
943
944
945
946
947
59
948
129
949
950
59
951
952
953
954
43
955
956
115
957
958
959
632
115
202
394
960
961
239
387
254
476
962
963
115
202
394
132
964
808
965
59
966
967
968
314
969
115
202
394
111
970
971
284
972
973
115
110
561
394
974
132
975
976
977
185
978
979
185
980
981
982
59
983
120
91
984
985
986
987
988
749
42
43
353
212
989
91
990
991
185
978
992
993
232
994
995
59
38
67
996
216
997
38
998
59
999
1000
1001
1002
1001
330
254
424
674
840
159
1003
1001
1004
1005
1001
1006
55
1007
1008
1009
425
327
1010
386
1011
1001
132
1012
1013
1014
1015
534
59
1016
438
447
38
1017
1018
97
1019
59
1020
1021
97
307
59
1022
1023
1024
1025
650
39
112
360
1026
97
286
287
1027
744
398
1028
277
1029
1030
425
404
1031
1032
1033
355
1034
1035
169
219
1036
1037
1038
1039
197
120
1040
151
1041
120
1042
1043
1044
1045
115
647
157
1046
1047
132
138
1048
106
205
233
352
59
1049
1050
106
205
1051
560
1052
1053
1054
1055
1056
1057
1058
106
205
1059
1060
1061
67
253
561
1062
1063
39
511
1064
299
55
1065
1066
1067
1068
1069
673
1070
1071
59
1072
1073
129
1074
1075
1076
1077
115
1078
377
1079
715
840
189
1080
1050
205
1081
43
1082
566
1083
693
59
61
1084
1085
185
1086
377
1087
654
1088
875
368
1089
376
1090
379
1091
1092
1093
99
1010
1094
99
1095
598
1096
270
1097
38
168
1098
132
1099
1100
1101
1102
1103
368
205
1104
1097
1045
115
697
698
678
1105
1101
1106
205
212
276
276
965
225
239
817
255
1107
205
314
372
382
59
965
1108
1109
1110
205
1111
59
272
205
1112
1113
1114
1115
516
43
91
1116
736
1117
38
795
605
949
38
39
1118
1119
211
268
38
211
1120
1121
1122
1123
1124
59
1125
1126
1127
1128
1129
38
189
669
1130
1019
59
1131
38
1132
695
447
61
38
67
795
319
263
211
1133
526
299
524
1134
1135
1136
1137
59
61
546
1138
778
1139
1140
110
1141
465
1142
355
1143
1144
330
1047
1145
1146
577
893
1147
1148
1149
59
1150
38
1151
1152
1153
1154
1155
59
1156
1157
1158
1159
59
1160
1161
1162
1163
1164
1165
1166
1015
99
1167
1168
1169
387
986
1170
1171
1172
211
1173
1174
59
1175
1176
1177
1178
1179
1180
278
1013
1181
1182
1183
1184
193
170
1185
165
412
1186
319
669
1187
59
1188
1189
1169
211
1190
1191
38
1192
114
38
37
1193
372
1194
67
1195
715
1196
132
398
110
1197
1198
38
1199
1200
38
1201
715
682
654
1202
820
307
1203
1204
1205
1206
1207
1208
59
1209
205
1210
1211
302
1212
1045
1213
97
654
1096
270
38
382
59
1214
1215
1216
1217
881
1218
1219
1220
1221
1222
1223
1224
891
360
1225
1226
55
188
1227
59
736
1228
1229
1230
38
1080
99
1231
1232
114
1186
1233
39
186
712
42
695
1023
43
1234
1235
1236
270
38
1237
565
1238
38
563
1239
1240
221
1241
1242
1056
1243
1244
38
898
1245
1246
38
377
931
1246
1247
1248
59
1249
38
299
1250
59
111
412
168
1105
653
1251
61
984
38
1252
1253
1254
1255
842
113
942
405
106
115
1256
561
357
984
1257
1258
108
1259
1260
205
67
352
1261
1262
1108
965
205
1059
563
38
1059
1263
1264
38
1059
1265
205
352
712
1266
239
106
1267
1268
372
232
830
186
712
232
830
712
232
360
327
216
587
61
588
59
585
1269
1270
1042
216
160
281
1271
1272
1273
314
1274
115
1275
202
1276
67
1276
1277
1278
1279
1280
37
1281
1282
1283
114
115
1284
678
1285
1286
42
1287
1288
205
571
70
1289
1290
59
1291
422
1292
1293
1294
1295
1042
216
197
205
70
1296
380
211
99
202
1297
398
1076
1298
59
1299
1300
165
1301
1302
1303
1304
59
368
1305
1306
757
1307
236
137
91
861
97
134
136
1308
351
1309
225
1274
59
97
1310
558
710
42
216
61
1311
55
1046
1047
38
669
1312
1313
1314
1315
1316
1317
43
211
353
189
212
1318
534
106
205
43
1319
1320
59
1321
316
98
968
1322
42
1023
43
357
1323
1324
1325
377
1326
1327
586
106
205
1059
382
1328
355
1329
229
59
588
106
1330
1331
1332
59
1333
59
1333
59
1333
1334
132
106
115
957
891
1335
38
372
345
106
115
1336
818
1337
106
115
957
891
1010
253
38
785
1338
1339
1340
1341
1342
1343
307
681
965
965
965
59
1344
1345
216
110
561
127
1346
1347
316
377
1348
1349
1350
270
1351
199
1352
268
132
1352
114
1353
1354
671
1355
128
131
565
1356
99
212
1357
99
605
425
1358
1359
99
398
957
216
1360
386
842
1361
1362
59
561
398
1363
106
1333
67
253
216
186
499
169
1364
724
42
216
106
1365
216
724
1047
169
1366
1367
1368
213
1018
132
1369
351
389
1370
377
1371
1025
61
1372
1373
39
387
353
1036
1374
216
205
377
1375
382
1376
1377
1335
1377
707
59
1377
1378
1379
213
319
1380
1347
606
1381
99
1382
511
1383
540
669
419
857
270
99
1384
1385
569
248
1386
1387
38
1388
788
1389
409
1390
127
1001
1101
98
368
379
216
1391
761
1392
938
1393
595
1394
37
1395
1373
1396
1397
38
1398
67
253
1399
46
1400
47
1115
216
97
314
206
1401
1389
211
1402
1403
205
1404
1405
67
883
43
1406
1407
1408
185
182
1409
1410
99
1411
1412
398
245
1413
1414
1415
1416
216
205
1417
1418
1419
99
255
1420
871
1421
1091
1422
1423
38
67
1019
99
67
959
817
316
377
1424
425
1425
202
590
37
99
202
255
1385
1426
1223
39
1427
786
38
1428
1429
270
114
1430
228
1431
110
1432
276
419
59
1433
91
1434
1435
1436
1437
1438
59
1439
111
99
1440
1441
67
387
216
1442
1443
1444
1097
396
59
188
1445
44
1446
138
693
1447
99
202
1448
1449
577
1427
632
43
694
59
1450
511
99
1451
1452
205
1453
465
1454
182
1455
1456
1457
99
202
757
1458
59
111
1459
1460
1461
1462
1463
1464
1465
1466
1467
424
99
1411
1468
111
1047
757
1469
67
1470
1471
206
1472
1473
1474
157
1474
205
212
965
1475
59
1476
965
59
870
1059
319
1477
561
712
1478
166
165
1479
205
1480
1481
99
1482
229
1483
397
587
1484
92
1485
57
1486
1169
159
115
647
1487
1488
1489
1490
1491
1492
59
1493
387
216
99
211
712
1494
1482
1495
1496
1497
1498
1499
42
299
1500
1501
1502
1503
1504
1505
1506
1507
658
1508
360
1509
138
1510
1511
38
212
786
216
115
377
1512
1149
1513
1514
1515
307
1516
757
1517
114
296
38
212
286
407
1518
1519
1520
1009
213
377
1521
903
1522
38
786
1523
205
382
1524
59
760
193
745
44
1036
1525
111
115
1526
1527
67
1528
351
1529
1530
1531
132
1532
1533
1534
1535
265
1536
185
1537
1538
160
377
1539
59
585
91
303
115
1540
1541
1542
1543
1544
1545
1546
1547
1548
1549
1550
1551
253
1552
43
1553
405
724
38
779
1554
59
395
1555
1556
554
211
1557
59
1558
1559
1560
55
842
1406
1561
39
1562
1563
59
784
908
1051
1564
694
38
293
294
263
1565
99
1482
229
129
38
1249
1245
1566
686
1322
1567
1568
424
99
1569
425
424
1570
296
99
1411
1571
1572
1573
959
99
115
202
1276
416
67
216
1574
38
1575
710
1576
1577
1578
59
757
1579
1580
99
202
1033
1581
99
1381
1582
602
1583
1584
59
157
1585
1586
39
38
1080
1050
205
1587
965
1112
965
1588
212
377
1059
1589
841
205
372
492
1590
1591
115
202
1592
330
438
353
1593
137
191
1594
59
1595
59
1596
1597
1598
216
1018
724
1599
377
272
59
1600
296
38
360
1601
421
1602
38
1603
264
1604
59
42
67
1355
1400
1605
1606
693
270
38
419
1607
276
207
492
811
216
1608
1609
59
1045
205
1610
1611
115
647
157
1413
205
1612
730
61
1613
1614
1615
1616
528
1617
205
1618
560
1619
1193
1620
1621
1622
1623
1624
351
1625
59
352
387
254
1196
212
229
1626
99
386
1627
556
1628
1629
140
170
1630
1631
38
213
1059
1632
270
99
1584
1633
1634
421
1635
1636
1637
932
1638
99
1639
1034
1640
1641
114
211
1642
1643
114
1644
38
938
216
211
1645
1646
101
1647
38
1648
254
1649
560
1650
216
430
1651
199
1652
398
1642
1653
205
1654
248
316
1655
59
1656
59
1657
225
1658
465
115
229
1659
1660
146
1661
4
1662
4
1663
1664
205
213
1665
1666
778
314
1045
511
650
239
110
662
115
647
558
258
355
157
1105
115
647
438
1667
1668
1669
38
1015
1670
38
216
205
1671
1672
1132
205
101
492
1673
132
1674
1675
1676
91
206
1677
355
1678
1679
1542
1680
38
1681
1682
1683
1684
59
211
38
725
1682
211
211
38
795
132
205
67
563
1685
465
1686
38
893
1687
1152
205
296
1688
1689
213
1690
1691
1692
654
1693
1694
1400
380
1695
1696
360
1697
1698
205
1476
276
965
1236
59
1699
276
965
1700
1701
1702
1343
123
1703
1704
205
1276
43
1705
465
1632
1706
1707
516
132
211
1708
1643
59
1709
1710
1711
1051
1712
59
1713
185
1714
520
159
99
110
561
381
1051
168
96
1715
216
357
412
710
102
1716
1717
182
708
1718
205
314
1719
1720
1721
1722
1723
1723
1724
1725
274
189
322
1726
1541
1727
1728
1637
1729
1730
574
587
59
1725
322
377
1731
1732
1522
1308
97
372
931
270
1343
360
1733
1734
355
1037
1735
115
1736
170
891
1045
115
801
1631
1108
1737
1738
239
330
1739
749
205
1740
1741
1742
38
547
1743
59
712
1744
205
725
59
1745
1746
38
1747
1743
39
1748
38
290
1749
1750
1751
1752
1753
1754
1755
205
159
1755
38
861
115
1756
561
1757
1758
55
1759
1760
59
1761
1762
1763
1764
1765
1766
1767
1768
1769
112
1770
387
442
1771
760
1772
1773
760
561
1774
1775
353
1776
1777
372
163
114
1778
387
1779
1780
380
131
130
1781
1782
561
1783
39
115
1784
738
590
760
91
206
314
524
270
97
290
1785
239
1786
255
1787
1788
1789
211
97
1790
1791
172
1057
1792
39
516
43
1420
1169
1793
38
213
1794
1795
975
868
1796
1797
1798
59
387
110
1799
1800
1801
724
1802
1803
1492
1804
1805
1806
1001
330
132
707
1807
511
1808
205
1809
876
1810
1811
561
1420
166
1812
394
165
561
1813
114
39
38
360
1814
67
216
1815
1816
1817
1818
1819
205
39
276
1820
137
38
657
658
237
1051
1821
59
1822
1812
1001
1823
1796
59
1550
91
206
1551
695
389
285
491
1824
276
1825
1826
91
206
39
115
678
255
229
1827
159
205
1828
1829
55
99
1830
465
1831
1832
1833
1834
1420
1835
1836
1837
1838
1839
1840
59
1841
1842
1843
213
1844
239
647
157
1169
1781
1845
679
38
212
299
1846
270
114
229
1847
1848
115
202
212
757
1849
417
1057
306
1850
844
1008
1851
223
207
1852
1853
1854
250
1855
1856
199
1857
1858
1059
883
37
1859
1860
1861
1862
38
1863
59
1864
1252
1253
115
1411
1865
1866
39
38
286
117
1192
1867
1868
1869
1870
1871
1872
1873
1874
1875
38
61
424
99
202
101
1876
351
1877
1878
1879
1880
59
1881
59
1882
42
654
1883
465
1884
38
213
265
1009
1885
420
421
1886
1887
1888
168
757
1889
1726
1890
39
757
1880
59
1891
1892
236
1893
1894
99
1895
99
1277
757
38
127
132
1015
1896
1897
1898
1899
205
655
59
1900
205
189
871
1101
1901
1902
59
1903
289
205
1904
1905
1906
132
61
1907
360
150
1908
1909
140
1910
757
37
1911
39
193
951
1912
254
255
817
811
216
205
1913
1914
1378
200
1915
1916
1917
1101
114
1918
1919
99
779
1920
840
99
1921
1482
1922
1923
1924
893
216
37
99
1925
526
38
898
1926
1927
528
1928
1929
38
987
421
132
1706
216
1018
1509
44
1930
1931
248
1886
561
1932
387
216
1933
1886
1934
491
1755
205
1930
114
1935
38
1936
559
1937
1938
1108
330
1755
205
1104
1886
1939
1105
1940
1941
114
157
1942
160
330
516
650
405
1943
1944
1945
1946
1947
1948
1949
91
715
820
786
265
1950
59
1951
1952
1953
430
904
1954
1955
38
784
1245
425
1956
1957
1958
351
1959
352
59
710
671
216
1960
1961
1962
43
606
1588
216
1963
1763
1964
1965
270
1966
1339
327
59
1815
1967
1968
355
1969
1394
1970
1971
1972
1973
1974
1975
1976
1977
574
1660
1978
1979
1980
1981
1982
1983
172
654
1088
1984
1985
570
69
202
1986
1987
59
349
1045
39
211
372
1941
38
89
205
1988
59
1933
234
59
1933
1989
59
1933
136
59
1933
270
38
502
997
38
127
1990
1991
276
43
357
353
1992
1993
1994
59
1995
327
1996
1997
213
1097
1998
1999
2000
115
314
817
2001
460
2002
2003
2004
38
360
212
1021
2005
216
38
2006
111
99
357
2007
2008
169
2009
2010
2011
296
2012
43
960
115
202
2013
2014
712
2015
381
2016
115
255
385
2017
1483
229
2018
213
2019
2020
2021
2022
2023
186
2024
2025
59
2026
2027
531
2028
199
39
125
59
316
2029
2030
891
115
188
2031
229
380
2032
307
2033
1794
2034
2035
2036
59
39
38
658
2037
76
296
2038
268
212
360
1170
2039
59
2040
560
205
2041
1292
355
777
1009
1057
1910
114
1911
42
213
844
2042
1379
2043
59
159
82
2044
2045
2046
2047
2048
2049
216
211
2050
1230
360
1509
115
2051
2052
157
707
2053
2054
2054
2054
59
2055
2056
2057
2058
2059
1840
2060
2061
210
2062
205
876
2063
827
2064
2065
186
745
1057
1725
2027
2066
138
216
285
2067
425
1015
1279
2068
2069
2070
91
206
132
99
188
379
67
99
188
379
114
1887
165
2071
1910
465
695
39
211
38
654
127
2072
386
704
2073
159
2074
368
2075
2076
2077
270
38
559
59
2078
2079
524
572
2080
239
2081
255
115
2082
987
2083
59
189
132
1554
2084
2085
2086
2087
2088
2089
67
216
2090
2091
59
42
2092
745
178
92
205
314
2093
1436
2094
59
2095
2096
1780
2097
189
132
2098
2099
42
43
44
2100
55
1427
2101
2102
2103
2104
994
2105
2106
2107
2108
2109
2110
417
516
43
1420
803
2111
2112
205
1846
2113
205
725
166
2114
59
211
236
2115
2116
188
623
558
106
1052
355
268
37
38
2117
2118
664
2119
2120
2121
2122
2123
169
2124
132
970
248
1066
115
2125
255
386
2126
694
38
1335
189
67
345
355
236
237
1700
239
159
110
412
2127
2128
601
1738
99
1057
2129
801
128
803
2130
1045
205
2131
2132
2133
2134
216
205
2014
186
99
140
764
762
115
801
1631
115
801
115
801
115
801
377
2135
205
67
382
216
112
113
2136
2137
99
1781
817
802
59
2138
2139
2140
115
757
647
216
366
895
511
91
2141
92
736
304
2142
549
43
2143
270
38
2144
43
138
2145
1728
37
2146
2147
290
561
2148
205
2149
2150
2151
59
2152
69
2153
330
2154
324
114
2155
39
786
99
2156
229
823
207
658
237
2157
316
114
953
368
114
424
99
70
1709
2158
115
222
1101
59
2159
2160
2161
1101
239
2162
438
1356
38
205
1587
861
2163
59
2164
1322
2165
2166
2167
1163
199
205
2168
2169
178
2170
2152
216
111
861
232
67
99
1767
99
229
2171
2172
2173
2005
59
2174
2175
211
2176
430
2177
2178
2179
2180
425
116
2181
2182
61
2183
2184
59
1790
2185
2186
2187
211
2188
2189
38
2190
1927
1825
59
694
38
1245
1955
2191
1091
1644
1015
140
2192
2193
1101
2194
2194
2194
2195
2196
2197
2194
2198
202
1269
380
2199
624
101
2200
319
2201
534
2202
2203
38
114
296
1356
1860
2064
212
377
2204
1356
99
1036
202
2205
2206
2207
166
2208
42
1023
216
44
2209
2210
2211
355
168
114
132
115
202
2212
42
332
942
2213
1059
1263
278
2214
2215
38
2216
2217
654
2218
270
2219
524
2220
2221
2197
2222
115
290
647
157
387
1047
205
67
2223
2224
114
165
39
2225
39
2226
99
876
2227
2228
67
43
606
2229
59
278
59
664
1013
2230
1311
2231
2232
2233
276
2234
59
2235
1397
250
2236
2237
42
2238
1728
2239
524
1522
387
216
2240
1252
1909
2241
38
2242
2124
2243
38
39
314
2244
404
91
206
59
285
1887
2245
2246
248
205
2247
2248
67
1690
1691
69
1756
386
2249
2250
290
115
1756
561
368
61
38
2251
61
42
67
2252
2253
2254
2255
330
591
561
2256
2257
2258
59
2259
1356
38
213
1230
438
2260
875
2261
1687
1860
268
673
1644
424
99
2262
1023
39
42
1631
1009
99
290
2263
255
424
2264
2265
205
360
2266
2267
319
965
696
205
2266
2268
38
2269
2270
2271
159
115
1420
202
212
2071
2272
1015
140
2273
2274
604
2275
59
2276
2277
2278
147
1292
2279
59
82
2280
138
2281
2282
2283
2284
438
99
2285
253
2286
65
561
2287
55
2288
319
1060
270
803
351
2289
2290
114
39
330
309
38
2291
255
2292
1068
1302
2293
993
38
1385
811
2294
2295
205
2296
2297
2298
1163
2299
38
2300
2301
276
2302
2303
2304
558
330
2305
1772
2306
2307
760
2308
42
43
2309
353
213
89
2310
211
202
757
386
876
2311
2312
38
664
299
978
268
875
232
2313
59
61
38
360
67
43
803
159
1001
2314
307
106
820
308
309
2315
2200
1524
59
382
528
2316
2317
561
99
202
2318
387
1278
2319
1101
189
679
842
516
59
842
1193
516
558
110
560
2320
168
2321
368
1528
2322
1444
2323
881
2324
59
2325
2326
38
397
286
1045
2327
2328
2329
2330
2331
115
188
229
1033
2332
2333
2334
2335
2336
307
2337
42
216
372
1444
2338
2339
205
2340
360
2341
115
1781
386
647
438
2342
265
1009
38
170
2343
2344
2345
2346
848
38
377
2347
2348
2349
1047
2350
783
558
2317
561
368
2351
2352
1418
791
115
2353
2354
2355
1079
2356
968
2357
938
1015
2358
115
2162
405
285
1691
207
2359
2200
127
2360
2361
1302
2362
2363
114
695
39
211
99
2364
590
465
726
377
2365
2366
2367
1781
2368
199
2369
2370
38
2371
1309
309
97
377
2347
270
2372
237
761
2373
2374
2375
654
2376
59
2372
67
237
2138
2377
402
59
1026
223
178
2166
908
59
124
2378
2379
55
331
2380
2381
59
2382
2383
2384
37
572
2385
2386
319
1537
2387
296
125
43
2388
2389
115
817
128
130
1384
2390
185
67
2391
2392
59
159
67
725
250
2393
2394
59
694
38
2395
2396
2397
840
211
216
2398
2399
1219
1886
1002
2400
2401
377
2402
712
669
38
39
1051
237
2403
2404
2405
2406
1974
2407
1978
165
2408
2409
1810
2410
114
115
314
2411
330
38
397
286
2412
211
216
189
679
314
205
2413
395
425
330
2414
110
2415
2416
38
876
2207
59
211
38
2417
2418
2419
2420
132
223
2421
1549
904
2422
2423
97
2424
671
43
168
2425
353
2426
2427
742
2428
38
2429
712
38
2430
1057
205
779
2213
387
329
38
2431
67
253
216
211
42
2432
2433
360
2372
2434
99
2435
1639
237
1700
61
314
38
2436
59
2437
59
2438
59
2439
159
115
2162
115
1482
1420
2440
2441
377
558
2442
604
59
2443
1091
610
303
1149
114
39
38
2444
225
39
2445
2446
351
352
1691
213
2447
558
2448
534
114
159
2449
59
2450
653
205
682
1252
2451
864
2452
159
2453
2454
59
39
270
38
1625
2455
351
2456
59
2457
965
2134
2458
38
2459
114
39
205
377
136
115
159
202
2460
1481
1003
1261
253
355
386
319
524
114
211
314
38
127
2461
2462
99
188
511
2463
1101
2464
314
669
2465
351
83
365
59
2466
965
115
2467
2468
2469
327
329
351
2470
1400
1857
304
2471
2472
2473
2474
159
2475
491
197
2476
2477
165
2478
355
2479
2480
114
115
957
2481
115
1756
170
891
1045
115
1756
2482
115
2483
1551
255
368
2484
2485
2486
715
38
2487
2486
2488
43
2489
2490
777
2491
2492
2493
2494
2495
2496
355
422
2497
2498
1509
2499
138
2500
2501
2502
39
38
213
2503
2504
2505
59
165
872
197
2506
2477
114
127
211
38
157
398
216
211
1095
2507
2508
314
524
59
2509
2510
1097
2511
419
2512
290
205
2513
99
115
2514
377
43
511
2515
2516
2517
178
566
2518
2519
2520
42
39
2521
2522
2523
38
2521
168
2524
59
2525
2526
2527
2528
99
1639
386
237
2509
128
131
760
216
2529
99
353
760
663
2530
59
1026
2531
2532
711
465
44
2533
1583
760
524
277
1522
387
216
2534
2535
199
91
303
38
2536
115
647
2537
2538
2539
2540
111
2541
59
2542
2543
2544
2510
2459
1737
254
674
2545
2486
2546
97
965
447
2547
2548
822
185
624
149
199
2200
2549
110
1878
2146
170
892
2550
2551
1045
211
786
38
2552
189
159
1365
157
211
38
132
2553
2554
111
565
2542
2555
216
2038
1276
814
2556
2557
1196
2350
824
193
2558
278
268
2559
2560
319
38
2561
2134
216
205
115
647
2274
140
2508
59
157
2562
38
2563
38
2564
2565
2566
132
99
2567
2568
2569
875
59
2570
99
2571
42
69
110
239
2572
406
2573
229
98
86
1108
537
296
2574
59
2575
2576
1871
2577
59
278
2578
329
2579
421
38
212
591
2580
2581
1632
987
2582
421
2583
99
202
229
1581
39
398
2584
59
2585
115
1482
1787
414
110
358
438
715
962
1609
225
325
2586
2587
824
2009
59
268
596
59
340
2588
185
2589
2055
59
2590
1059
2591
59
2592
2593
115
2594
1045
115
2595
875
2596
290
710
38
377
2597
2598
216
219
745
2071
2165
2599
55
39
205
314
2600
206
397
211
38
67
216
132
2601
2602
236
237
213
407
2603
115
647
2274
355
2604
2605
2606
499
169
1364
270
2607
2608
415
2609
511
2610
111
1656
682
205
372
382
59
219
2611
2612
99
115
202
2613
1988
2358
2614
415
1660
2615
2616
2617
2618
2619
2620
2619
2621
1369
205
126
528
2622
2623
2624
253
2625
43
2626
2627
351
276
2601
2628
211
97
114
99
330
1781
678
2337
2629
205
276
1059
1690
1691
2630
115
817
1781
1601
2631
2632
2255
561
2256
670
2633
43
2634
2635
2636
2637
115
678
2638
59
1796
38
253
2022
330
39
1047
2639
372
373
2640
216
90
345
2641
695
1450
254
511
2642
2643
691
2644
59
1011
59
1963
2645
284
115
678
170
891
465
205
2646
211
216
357
2647
2648
38
2649
1418
2334
2650
425
2651
2652
678
2653
2654
2655
2656
2657
211
99
268
2658
1276
1091
1047
114
99
674
1787
99
202
419
1385
965
2659
965
2660
965
1108
842
327
38
2661
2662
99
132
38
1492
1419
424
99
2663
2664
1034
2665
2666
2667
37
2668
38
2669
2670
2671
2672
2673
99
2674
110
2675
101
650
67
254
229
2676
159
86
330
216
351
2677
1780
2678
37
99
202
2679
2680
37
2680
38
1051
2681
2682
2683
2684
2685
2686
2459
2015
2687
2688
99
70
511
1420
2689
1633
2690
2691
239
2692
229
1385
1412
508
2693
2694
2695
2696
2697
43
2698
205
2699
205
2630
2700
2701
159
115
202
1483
229
1413
2702
327
38
2703
114
2704
211
2705
212
189
1018
2706
330
2707
2708
2709
140
2027
2710
726
237
2510
2711
2712
2713
811
216
38
372
2017
2714
59
138
693
110
2715
67
254
694
202
255
2716
39
2717
2718
205
275
2719
2720
114
360
38
2721
159
314
1369
2722
2723
2724
193
561
211
69
678
561
394
59
2725
1831
2726
2727
2728
38
1955
424
99
202
2729
591
1057
211
216
537
1685
2730
108
132
2731
59
86
566
1510
2732
2733
38
654
2734
2735
2736
817
386
1717
117
355
99
99
211
202
1347
211
38
2737
875
99
1420
255
229
2460
351
2738
2124
115
2739
398
387
216
2740
560
1047
117
2741
59
236
565
168
2742
351
2743
114
1427
2744
2745
351
2746
1909
2747
2748
42
1023
254
2553
763
67
2749
2750
2751
2752
59
2753
2754
2755
2756
1331
1332
2757
2758
2759
59
1075
1213
189
1309
309
1025
2760
1339
132
2761
2762
59
2763
1887
2764
1382
2765
2766
205
2266
67
253
2767
216
205
2768
2769
2584
1763
108
2770
2771
59
2772
265
2773
115
647
2774
255
2775
2071
2776
860
2777
38
377
55
1720
377
1427
2778
2779
2160
159
2780
2781
2782
455
219
561
1846
59
2783
59
2784
511
117
377
2785
1080
216
373
296
1723
213
2786
2787
2788
2789
679
110
561
1911
355
2790
268
2791
584
2792
59
2793
1377
2794
108
59
742
861
1256
561
253
2795
111
521
2796
2797
511
140
2798
2799
115
2800
99
2801
216
2802
2803
1329
590
229
997
2804
2805
2337
168
38
2223
2806
110
2807
99
353
2808
115
678
2809
590
229
205
212
39
67
1269
555
2810
216
99
202
255
386
2811
425
2812
2813
314
1223
59
205
2814
492
2388
2815
2816
2817
1632
1101
59
2818
97
2819
1815
889
1002
214
214
442
2820
2821
59
2822
2823
1121
2824
38
1794
189
2601
1450
285
840
2825
132
115
257
1890
2725
2826
2827
1485
2828
2829
2830
2831
2832
1169
572
2833
757
99
398
1570
2331
511
1910
2834
558
159
2835
197
2836
2837
2331
1737
69
647
2838
205
157
549
2839
330
549
316
424
2840
99
1411
2841
205
2842
2843
59
321
345
115
110
2844
2845
2846
2847
1235
2274
2848
2849
1018
132
424
99
1411
2850
115
661
255
229
157
205
2851
694
99
202
2852
59
39
2853
571
2854
98
97
2855
2856
2857
67
216
2858
2859
314
2860
1071
694
99
202
2861
157
2862
2863
38
2864
2865
2007
114
39
290
270
38
43
2866
2867
1841
2868
421
239
678
386
2869
115
2870
2871
2872
2873
355
1728
394
2874
355
229
2189
99
1639
577
590
2875
1170
2876
511
2877
115
255
2878
596
2879
2880
59
2881
442
1621
2882
2883
2884
332
2885
99
1169
159
2886
2887
59
138
485
2102
2888
115
1078
2889
2890
2891
111
511
2892
881
2893
404
59
154
2894
104
405
115
1167
2895
405
848
38
2896
2897
43
2898
2899
883
232
803
43
182
2900
69
255
2901
738
254
511
2435
255
386
202
97
372
2131
2902
254
710
779
2903
99
1648
216
510
2135
2904
1951
2905
465
182
185
314
2906
1013
2337
2907
1831
330
1381
2908
2909
560
2910
2911
404
38
115
884
43
964
59
966
114
99
37
189
2912
202
2913
2550
132
2914
2915
2560
132
140
130
131
1149
205
1018
673
560
43
39
1025
2916
216
694
353
253
2716
270
38
654
382
132
38
871
1053
67
2917
2918
1055
59
2509
1105
2919
2920
1648
216
2921
785
38
212
1631
2922
132
2923
2924
1941
205
2925
2926
2927
1365
319
2928
1726
253
2929
59
1541
938
893
2930
59
2931
2932
1860
417
248
59
157
1333
1738
1566
1047
2933
2934
38
166
954
216
558
253
560
1007
2935
2936
2937
1686
2938
159
268
2939
2099
59
2722
2940
157
2941
296
157
2942
150
2943
2944
2945
1240
2609
159
2946
2947
693
132
694
99
255
202
2948
2949
2950
114
2218
2951
2952
2953
2954
2955
1660
2956
2957
2958
2959
2960
2961
2962
59
306
2963
741
387
2964
2177
216
1706
2965
59
760
2966
61
2967
2968
2969
47
2970
2971
693
211
42
1428
2972
223
2973
2974
2975
1095
1040
166
2976
1546
2977
2978
2979
2980
2981
59
677
67
253
2982
2983
1728
2984
114
132
2486
2985
42
43
2986
2987
2512
832
689
115
1930
205
212
234
1406
314
1292
2988
2989
2990
38
211
216
115
110
561
2991
1988
1045
61
97
314
2992
1387
110
712
861
38
2993
263
695
39
2994
2995
2996
669
2997
2998
329
38
2999
3000
59
91
476
38
1880
1933
59
3001
59
3002
59
1933
59
3002
351
654
395
59
3003
165
2331
3004
3005
59
3006
3007
189
476
38
3008
1887
3009
59
3010
1723
97
3011
3012
3013
3014
59
3015
3016
3017
3018
3019
3020
3021
3022
3023
3024
1423
263
3025
3026
2711
3027
3028
237
1812
3029
129
3030
3031
205
3032
572
3033
213
2917
3034
465
566
893
205
3035
114
3036
38
3037
3038
1057
694
38
3039
3040
710
3041
38
965
55
3042
59
3043
42
216
1447
38
276
1059
319
2637
1015
3044
3045
69
957
2710
2767
3046
694
97
372
1051
2732
59
138
199
38
1193
3040
86
1308
132
3047
170
891
1169
3048
3049
38
658
1455
38
319
3050
99
1570
363
168
3051
287
3052
3053
3054
3055
3056
511
3057
3058
780
3059
3060
1781
3061
159
205
898
2630
3062
189
188
561
3063
59
3064
38
866
2601
59
715
38
212
372
3065
3066
3067
3068
3069
296
938
621
351
233
352
374
3070
59
3071
59
223
3072
687
351
3073
3074
3075
216
61
97
2601
569
1551
2076
132
165
2017
216
1725
345
39
38
3076
67
3077
2838
604
1015
3078
3079
168
757
3080
3081
3082
38
67
1744
2908
69
106
202
831
55
38
134
368
136
3083
3084
2741
537
276
135
3085
166
3086
3087
561
168
368
1034
555
168
1090
140
2027
531
225
2208
132
99
330
1540
3088
110
115
1541
3089
3090
3091
1106
3092
185
1408
115
202
1420
2297
67
253
43
3093
205
1112
296
1723
3094
59
1723
3095
1549
59
3096
694
232
61
89
132
585
368
482
1170
3069
3097
3098
3099
38
669
3003
166
2368
59
3100
2208
560
943
2306
679
372
3101
424
99
1570
129
193
1748
216
558
303
188
3102
558
3103
3104
3105
110
1631
3106
59
3107
2676
3108
3109
2320
360
1108
3110
296
99
202
2679
715
99
1910
99
801
1910
99
801
1322
3111
59
3112
2999
1550
1551
3113
1524
59
3114
3115
3116
3117
3118
3119
211
3120
59
554
820
571
3121
1717
3122
673
3123
106
205
91
206
657
382
239
801
590
229
165
189
3124
3125
3126
69
1420
3127
681
3128
1002
99
397
1381
3129
110
3130
1631
1161
3131
3132
59
3133
169
3134
1036
1302
3135
114
3136
3137
3138
3139
3140
1729
3141
3142
99
290
1252
1253
3143
3144
425
3145
3146
255
1101
2684
3147
296
205
1794
3148
3149
2265
1025
38
270
216
211
3150
3151
3152
2330
216
106
205
682
377
358
555
2211
319
382
270
3153
755
3154
3155
1041
875
1274
97
286
3156
3157
3158
38
168
55
188
526
189
3159
59
2463
248
3160
353
3161
2308
3162
59
3163
3164
111
1910
3165
3166
3167
3168
3169
59
3170
1223
898
39
140
290
170
3171
3172
59
3173
1280
1725
2017
216
351
43
3174
1080
3175
3176
397
3177
3178
697
3179
693
3180
534
3181
3182
3183
3184
59
245
138
3185
783
3186
99
110
3187
91
2314
205
779
2257
157
320
465
3188
424
99
1540
3189
3190
61
411
1068
216
1015
38
2291
2361
3191
3192
3193
3194
110
2200
511
3195
712
38
3196
2372
237
746
1904
1726
70
3197
108
3198
3199
653
37
38
3200
2825
59
38
398
3201
3202
327
216
1492
3203
110
3204
3205
438
715
115
202
3206
1269
380
290
129
360
874
319
132
757
3207
67
169
38
3208
355
3209
3210
3211
92
3212
3213
1047
268
3214
59
3215
216
3216
3217
229
3218
3219
3220
3221
177
416
2521
61
1335
694
1477
360
561
3222
3223
38
189
1862
558
3224
572
2788
59
405
115
2082
572
2788
1522
416
511
2331
268
691
1382
216
1860
213
1059
3225
205
377
2347
213
3226
3227
307
715
331
3228
55
3229
2549
3230
558
669
61
42
67
3231
3232
534
3233
777
211
97
1202
2087
3234
3235
3236
1149
377
3237
37
99
682
110
561
255
3238
3239
38
3240
59
253
309
3241
99
202
229
2410
650
842
353
2260
561
555
3242
736
1117
653
59
318
1505
140
3243
561
394
2398
401
157
188
3244
3245
401
114
132
99
801
205
1646
3246
3247
3200
3248
986
994
2836
106
205
276
1403
3249
491
1728
411
2492
3250
3251
38
3252
3253
211
2147
3254
355
357
110
623
138
742
1057
2943
376
219
3255
942
1369
351
3256
1825
59
419
3257
3258
111
44
818
3259
588
44
3260
516
99
211
1321
3261
3262
114
125
307
325
965
3263
3264
3265
372
3266
1738
3267
59
2265
438
186
38
3268
1050
205
178
3269
212
654
382
1047
207
207
725
270
1339
68
59
3270
3271
1269
733
572
115
3272
1787
1725
3273
3274
47
3275
43
3276
3277
3278
91
3279
59
92
3280
159
67
3281
2886
330
1848
132
3282
3283
3284
351
126
234
59
3285
42
2492
1023
43
3286
353
3287
2796
2087
502
3288
1096
715
3289
299
1496
159
165
3290
3291
3292
3293
59
3294
3295
2112
2112
37
38
3296
55
38
3297
1057
1509
572
99
1482
2679
715
99
3298
1080
653
281
516
211
157
1309
2495
3299
3300
3301
3302
3303
67
216
112
3304
3305
199
2085
3306
59
3307
3308
455
115
3309
257
43
3310
115
647
558
3103
2271
3311
3312
2338
303
59
265
1009
250
3313
3314
59
3315
3316
3317
38
2492
784
211
3318
422
3319
3320
3321
3322
3323
610
1148
3324
3325
993
205
657
234
189
679
38
1091
1057
140
314
3326
59
3327
327
216
1015
99
202
757
1776
3328
1601
577
115
3329
255
3330
132
970
67
787
2906
3331
687
2744
3332
762
111
314
817
908
38
784
2038
3333
3334
3233
205
861
1115
212
3335
319
3336
114
1057
572
3337
3338
2722
561
3339
115
3340
942
1075
314
3341
1076
37
38
573
574
3342
3343
3344
3345
3346
3014
59
3347
3348
229
115
70
380
3349
3350
2981
59
351
377
235
59
3351
3352
3353
99
3354
2125
114
132
99
1569
355
268
3355
3356
3357
694
38
3358
115
959
801
2292
1108
157
1015
1542
3359
140
1910
2292
1356
38
1862
205
1524
3360
69
647
2540
229
2838
1648
3361
3362
3363
2255
561
3364
205
290
3365
114
205
233
3366
98
99
779
942
172
3367
558
272
59
1195
715
111
3368
520
3369
3370
67
2838
159
44
3347
3371
3372
723
3373
55
99
3374
202
3375
499
38
669
3376
502
3377
99
3378
1838
3379
3380
397
37
38
314
3381
205
818
67
345
252
3382
558
110
3383
3384
2160
1780
3385
3386
59
3387
3388
3389
3390
2232
377
3391
351
3392
59
3393
314
3394
114
172
99
779
59
3395
511
205
1654
1101
59
3396
653
516
3397
1047
3398
3399
3400
3401
956
99
110
3402
425
3403
3404
3405
216
3406
3407
2825
59
67
3408
177
3409
270
2696
115
697
698
801
99
2202
212
3410
229
3411
710
250
3412
61
3413
3414
3415
652
650
3416
3417
3418
2598
3381
916
59
187
1076
38
212
351
307
377
3419
842
42
216
106
205
398
3420
3421
405
2696
3422
38
67
1511
1863
3423
720
712
658
59
3424
1612
364
1349
212
1091
111
2846
2943
566
3425
67
1365
216
2846
3426
59
3224
360
3427
132
3428
193
3429
59
735
3430
108
1815
1308
3431
3432
412
3433
561
314
59
1479
1378
108
1270
1314
3434
3435
3436
114
98
182
3437
360
3438
3439
691
1444
954
1953
3440
3441
577
3442
3247
3443
1887
591
69
678
745
1631
1848
559
2974
3444
270
3445
3446
3447
132
3448
3449
39
38
360
3450
270
114
422
2835
138
1369
491
140
561
101
114
569
3451
3452
3453
3454
683
290
2064
111
3455
3456
3457
2022
2892
357
3458
59
3459
561
3460
3461
3462
70
3463
3464
59
138
1115
1025
3465
3466
205
372
3467
3468
59
3469
1854
2862
3470
59
3471
1780
3472
59
3473
3474
157
387
216
3475
185
1537
978
213
47
1045
205
3476
3477
3478
296
3479
2276
848
38
831
3480
918
438
38
3481
3482
1274
3483
3484
913
1797
229
99
779
2177
3485
1782
3486
3487
39
565
3488
213
67
864
2398
3489
221
115
3490
69
1541
255
3491
414
61
984
591
997
653
3025
1356
3492
3493
3241
760
561
3494
3495
199
114
61
42
1355
841
115
314
678
561
3496
115
1827
1825
2265
1057
1099
1706
3497
3498
3499
296
3500
3501
3502
524
2085
1057
99
353
871
3503
91
3504
59
3505
3506
1549
3507
3508
59
3381
166
38
3509
715
2343
3510
59
3511
37
715
3512
830
3513
3514
3515
3516
330
216
38
3517
3518
115
647
438
97
722
3519
2022
953
1246
908
43
932
3520
185
377
3521
91
206
59
3522
38
3523
115
622
2027
3524
229
526
38
3450
114
1015
3525
3526
3164
3527
3528
319
3529
309
228
694
202
2861
387
3530
42
561
562
571
159
351
234
239
1781
3531
2200
3532
1601
3533
38
2291
745
59
3328
59
3025
211
3534
216
205
45
1938
3535
3536
1152
3537
59
39
316
3538
253
115
2074
3539
1101
2862
561
225
276
225
99
913
2902
37
653
290
110
3540
3541
3542
205
1554
59
3543
2744
695
254
694
202
913
956
2862
111
112
3544
528
3545
39
67
3546
353
450
205
571
372
3547
3548
199
1951
185
178
3269
3549
3550
3551
3552
99
1009
555
3553
205
276
3554
115
3261
3490
3555
114
374
889
3556
59
330
1985
3557
3558
233
3559
3560
2211
3561
38
502
59
61
38
3562
99
188
1781
229
3563
3564
186
3565
216
117
1080
3566
99
2679
3567
2022
3568
59
3569
3570
694
38
875
43
3571
1097
3572
3573
574
67
216
3574
3575
114
3197
99
3576
3577
213
2992
785
99
3578
590
229
59
1170
3579
115
801
117
3580
658
132
205
307
1308
827
3581
132
1391
2809
1090
3582
59
3583
372
2778
590
3584
1848
115
661
3585
114
1430
115
647
3025
3586
3587
558
1725
2696
3588
111
115
647
3589
332
97
1051
270
3590
499
136
3591
3592
1252
3233
351
3593
3594
59
374
3595
97
189
314
3596
250
3597
2236
3598
1015
3047
2508
3599
3600
1394
2862
1548
618
3601
3162
1045
3602
37
814
89
3603
67
307
351
67
352
216
3604
1101
3605
1522
3366
3606
3607
1713
412
1036
1888
168
1581
1059
795
1059
253
1050
42
3608
1797
653
59
3609
99
1010
3610
59
101
3611
106
3612
381
382
39
213
2788
3613
3614
1420
99
2679
1075
248
3615
3616
59
3617
632
2307
695
39
726
1034
3618
1362
3619
59
37
3492
1645
132
3620
558
721
1335
524
3621
3622
3623
2388
3310
59
726
237
314
113
121
3624
3625
3626
199
694
99
202
1627
3627
99
229
3628
1252
2944
2486
715
38
43
2503
1625
3629
3630
3631
1090
1893
3632
3633
3634
61
455
99
3635
424
984
43
3636
59
1091
558
110
561
132
3363
38
67
253
3637
59
1090
59
3638
132
99
202
913
2902
956
3639
3640
205
657
382
3641
140
1285
803
43
3642
3643
61
3644
3645
3646
561
3647
114
2486
3648
2985
38
1057
3648
3649
3650
422
368
3651
3652
823
3653
3654
823
3655
3656
455
3657
59
3658
3659
3660
59
3661
3662
360
3663
59
1878
355
3664
3665
3666
3667
3668
3669
368
3670
3671
43
868
1427
3672
3673
216
3674
2299
59
689
185
669
3675
59
3676
3677
3678
59
216
1878
3679
1493
823
1430
823
38
3680
2023
1800
3681
3682
3683
225
3406
3684
560
59
43
3685
3686
3687
3688
3689
3690
3691
3692
3693
1588
3694
216
3695
3696
3697
3698
3699
1035
1163
3700
3701
3702
3703
1116
3404
216
476
38
213
563
516
355
520
3704
3705
3706
3707
3708
3709
2616
3710
3711
3712
3667
3713
3714
99
202
3715
2396
3716
138
61
3645
3058
3717
3718
137
3719
3720
3721
3722
3723
3724
3725
3726
3727
59
823
3728
1163
3729
166
3730
3731
3732
823
3733
3734
3667
3735
3736
59
3737
3738
3739
3740
1427
132
3722
2014
3741
1024
3742
442
3743
3744
3745
3746
3747
211
1047
3748
3749
330
67
43
3750
3751
3752
3753
3754
3667
3755
3667
3756
3757
188
2908
229
3692
3758
3759
1302
684
3760
3667
823
3761
268
1167
944
3762
695
3763
3764
528
3765
330
3766
422
1015
3767
3768
42
276
3056
3769
1427
132
138
3770
3771
3772
3773
3774
3680
59
533
3775
3776
59
3777
2390
3778
200
1420
1639
330
3779
3780
3781
3667
398
189
213
3782
3783
3784
3785
3786
3787
3788
3789
314
182
3790
708
1314
823
726
755
2017
3791
3792
823
3793
59
3794
407
59
3795
3796
3691
2074
3797
3798
319
1427
1909
43
3799
3800
3801
3802
3803
1800
956
99
202
1420
803
3804
59
956
99
2023
202
803
1631
212
3587
3786
3805
3806
38
3807
91
3629
3808
3667
3809
3810
3811
3812
59
596
3813
1588
3814
3815
3816
3817
3655
3818
3819
3820
3821
3822
3823
3824
3667
3825
803
1108
3826
3827
3828
3829
3830
59
3831
1588
3832
3833
3834
3835
1025
3836
3837
211
3838
3839
3840
3841
211
38
1242
3842
3843
3844
3845
59
3846
3847
3848
3849
3692
3693
1369
3850
1842
3851
3852
1116
3853
38
3854
3855
3856
3857
3858
59
3859
1909
3860
3861
3862
770
3863
3864
3865

